octave:1> resim1=imread('bayrak.jpg');
octave:2> whos
Variables visible from the current scope:

variables in scope: top scope

   Attr Name        Size                     Bytes  Class
   ==== ====        ====                     =====  ===== 
        ans         1x1                          8  double
        resim1    375x375x3                 421875  uint8

Total is 421876 elements using 421883 bytes

octave:3> imshow(resim1)



octave:4> resim1(90,70,:)
ans =

ans(:,:,1) =

  177

ans(:,:,2) =

    1

ans(:,:,3) =

    3

octave:5> degiskenresim=resim1(1:70,1:90,:);
octave:6> imshow(degiskenresim)



octave:7> resim1(50,80,3)=255
resim1 =

ans(:,:,1) =

 Columns 1 through 16:

  255  255  255  255  255  255  255  255  255  255  255  255  255  255  255  255
  255  255  255  255  255  255  255  255  255  255  255  255  255  255  255  255
  255  255  255  255  255  255  255  255  255  255  255  255  255  255  255  255
  255  255  255  255  255  255  255  255  255  255  255  255  255  255  255  255
  255  255  255  255  255  255  255  255  255  255  255  255  255  255  255  255
  255  255  255  255  255  255  255  255  255  255  255  255  255  255  255  255
  255  255  255  255  255  255  255  255  255  255  255  255  255  255  255  255
  255  255  255  255  255  255  255  255  255  255  255  255  255  255  255  255
  255  255  255  255  255  255  255  255  255  255  255  255  255  255  255  255
  255  255  255  255  255  255  255  255  255  255  255  255  255  255  255  255
  255  255  255  255  255  255  255  255  255  255  255  255  255  255  255  255
  255  255  255  255  255  255  255  255  255  255  255  255  255  255  255  255
  255  255  255  255  255  255  255  255  255  255  255  255  255  255  255  255
  255  255  255  255  255  255  255  255  255  255  255  255  255  255  255  255
  255  255  255  255  255  255  255  255  255  255  255  255  255  255  255  255
  255  255  255  255  255  255  255  255  255  255  255  255  255  255  255  255
  255  255  255  255  255  255  255  255  255  255  255  255  255  255  255  255
  255  255  255  255  255  255  255  255  255  255  255  255  255  255  255  255
  255  255  255  255  255  255  255  255  255  255  255  255  255  255  255  255
  255  255  255  255  255  255  255  255  255  255  255  255  255  255  255  255
  255  255  255  255  255  255  255  255  255  255  255  255  255  255  255  255
  255  255  255  255  255  255  255  255  255  255  255  255  255  255  255  255
  255  255  255  255  255  255  255  255  255  255  255  255  255  255  255  255
  255  255  255  255  255  255  255  255  255  255  255  255  255  255  255  255
  255  255  255  255  255  255  255  255  255  255  255  255  255  255  255  255
  255  255  255  255  255  255  255  255  255  255  255  255  255  255  255  255
  255  255  255  255  255  255  255  255  255  255  255  255  255  255  255  255
  255  255  255  255  255  255  255  255  255  255  255  255  255  255  255  255
  255  255  255  255  255  255  255  255  255  255  255  255  255  255  255  255
  255  255  255  255  255  255  255  255  255  255  255  255  255  255  255  255
  255  255  255  255  255  255  255  255  255  255  255  255  255  255  255  255
  255  255  255  255  255  255  255  255  255  255  255  255  255  255  255  255
  255  255  255  255  255  255  255  255  255  255  255  255  255  255  255  255
  255  255  255  255  255  255  255  255  255  255  255  255  255  255  255  255
  255  255  255  255  255  255  255  255  255  255  255  255  255  255  255  255
  255  255  255  255  255  255  255  255  255  255  255  255  255  255  255  255
  255  255  255  255  255  255  255  255  255  255  255  255  255  255  255  255
  255  255  255  255  255  255  255  255  255  255  255  255  255  255  255  255
  255  255  255  255  255  255  255  255  255  255  255  255  255  255  255  255
  255  255  255  255  255  255  255  255  255  255  255  255  255  255  255  255
  255  255  255  255  255  255  255  255  255  255  255  255  255  255  255  255
  255  255  255  255  255  255  255  255  255  255  255  255  255  255  255  255
  255  255  255  255  255  255  255  255  255  255  255  255  255  255  255  255
  255  255  255  255  255  255  255  255  255  255  255  255  255  255  255  255
  255  255  255  255  255  255  255  255  255  255  255  255  255  255  255  255
  255  255  255  255  255  255  255  255  255  255  255  255  255  255  255  255
  255  255  255  255  255  255  255  255  255  255  255  255  255  255  255  255
  255  255  255  255  255  255  255  255  255  255  255  255  255  255  255  255
  254  254  254  254  255  255  255  255  255  255  255  255  255  255  255  255
  254  254  254  254  255  255  255  255  255  255  255  255  255  255  255  255
  255  255  254  254  254  254  254  254  254  255  255  255  254  254  254  254
  255  255  254  254  254  254  254  254  254  254  254  252  252  252  252  252
  255  255  255  255  254  254  254  254  252  252  252  251  251  251  251  252
  255  255  255  255  255  255  255  255  254  254  254  252  254  252  254  254
  255  255  255  255  255  255  255  255  255  255  255  255  255  255  255  255
  255  255  255  255  255  255  255  255  255  255  255  255  255  255  255  255
  247  248  249  249  251  251  252  252  252  254  254  253  254  254  255  255
  248  248  248  248  249  249  251  250  252  252  254  254  255  255  255  255
  251  250  249  249  252  252  254  254  254  254  255  255  255  255  255  255
  254  254  254  254  255  255  255  255  255  255  255  255  255  255  255  255
  255  255  255  255  255  255  255  255  254  254  254  254  254  254  254  254
  255  255  255  255  255  255  255  255  255  255  255  255  255  255  255  255
  255  255  255  255  255  255  255  255  255  255  255  255  255  255  255  255
  152  143  136  131  129  127  121  114  107  104  101   97   94   90   88   85
  174  176  170  165  160  151  141  138  135  129  120  114  111  108  108  107
  191  189  183  175  172  165  158  154  144  138  133  129  126  122  119  113
  189  187  178  171  170  164  156  151  143  136  132  128  128  123  118  112
  187  186  179  173  173  163  150  143  141  136  129  126  125  122  119  115
  185  184  178  175  175  165  152  144  141  137  132  126  123  119  118  118
  180  179  173  168  169  162  154  149  139  138  135  130  126  120  119  118
  178  175  168  161  160  155  149  147  137  136  134  130  128  124  122  122
  179  177  168  161  157  150  145  144  135  132  129  128  128  128  128  128
  177  179  168  157  158  152  144  140  137  134  130  128  129  127  125  122
  180  170  159  158  159  149  141  145  139  136  131  129  130  128  126  124
  171  169  160  154  157  156  147  142  140  136  130  129  131  131  130  128
  166  168  162  155  154  156  148  136  138  134  131  129  132  133  133  131
  173  165  160  158  152  144  139  136  135  133  132  133  135  136  135  133
  173  167  162  156  147  146  146  141  136  136  136  136  135  135  135  134
  166  167  164  153  146  155  155  141  136  137  139  139  137  135  137  136
  167  158  159  158  152  150  147  137  136  138  141  140  137  136  139  140
  167  161  159  157  155  150  143  139  141  143  137  134  137  142  145  136
  174  171  162  154  151  150  146  139  137  142  140  140  141  141  143  135
  170  171  168  160  158  157  150  141  140  143  142  145  143  139  142  139
  168  170  169  167  164  160  154  145  147  144  140  144  143  140  146  147
  179  174  171  168  163  157  153  153  153  147  141  146  147  143  148  150
  182  176  172  173  168  159  155  156  156  149  143  150  154  148  150  148
  179  176  175  176  172  166  159  158  156  152  148  153  158  153  153  149
  184  183  179  172  168  167  164  162  159  155  150  155  157  153  155  151
  180  174  174  174  170  167  166  166  164  161  162  159  152  151  155  154
  184  184  180  176  173  171  166  164  166  161  161  160  157  155  159  155
  188  192  187  180  180  177  170  165  170  163  163  163  163  163  165  158
  191  197  189  184  189  183  174  173  173  167  166  168  165  167  167  161
  198  198  191  191  196  186  179  182  174  170  170  171  166  166  167  163
  204  200  195  197  199  188  183  188  179  177  176  176  170  170  171  166
  209  205  202  201  199  191  190  191  186  184  183  183  178  176  177  174
  212  207  206  203  197  195  197  194  191  186  186  185  181  181  182  178
  209  212  214  209  206  204  198  192  193  189  187  185  183  185  185  177
  223  217  214  213  213  207  205  206  202  199  196  189  185  187  187  179
  225  218  215  214  214  213  210  208  205  202  202  195  190  190  189  182
  217  224  225  218  219  220  214  202  202  204  208  204  198  197  196  187
  222  230  233  228  227  227  222  211  210  212  215  211  205  202  200  192
  233  230  230  231  228  223  222  226  217  216  216  212  208  207  208  200
  236  228  225  229  228  223  224  231  222  220  220  215  210  212  212  204
  233  230  229  231  232  231  229  228  230  228  226  222  216  215  212  201
  236  232  234  226  233  228  230  231  230  230  228  223  217  217  217  216
  234  233  232  227  237  231  231  229  229  230  229  227  224  223  220  217
  227  227  227  225  235  231  230  228  229  228  226  226  227  228  223  218
  225  227  226  226  232  229  227  226  230  227  222  222  225  228  224  219
  232  235  233  231  232  230  225  227  231  228  225  225  226  228  225  220
  230  235  231  234  231  231  228  232  229  230  230  231  232  231  227  222
  227  232  227  232  230  234  230  235  227  230  232  231  232  232  229  226
  229  232  227  231  229  234  228  231  224  227  229  227  227  229  229  230
  232  231  224  236  233  231  229  230  227  227  226  226  228  228  227  224
  233  231  228  231  231  223  227  227  232  231  229  227  225  227  227  228
  226  228  232  230  232  221  230  230  230  231  229  227  228  230  232  231
  219  227  232  232  231  223  231  231  226  228  228  227  227  229  230  230
  218  229  228  229  221  221  225  225  228  229  229  227  226  226  227  226
  220  229  221  222  214  222  224  223  227  227  226  224  224  227  230  230
  217  223  217  214  215  223  227  220  221  222  223  223  228  231  232  229
  213  217  215  209  218  220  225  211  217  220  223  226  231  231  228  222
  222  214  213  204  211  214  215  214  216  211  219  224  222  234  223  225
  228  221  224  211  208  203  208  216  210  213  214  218  223  217  229  217
  225  218  223  212  208  200  204  216  209  213  214  216  218  212  226  218
  218  211  215  207  210  205  205  210  214  211  216  215  207  221  214  220
  219  214  215  202  206  205  202  198  210  203  206  207  201  214  207  216
  222  221  221  203  203  201  200  197  202  197  194  200  205  195  211  208
  224  220  223  209  209  204  202  200  203  193  191  200  202  188  205  208
  225  218  222  217  219  210  203  198  205  191  194  201  190  192  187  208
  226  221  229  214  215  222  202  202  200  198  187  197  189  192  196  191
  232  229  226  219  216  215  207  199  194  194  186  190  182  178  184  183
  237  235  222  225  216  206  212  197  189  192  188  186  184  175  182  187
  237  231  220  229  218  206  214  199  196  196  194  185  191  180  184  189
  235  222  223  230  223  214  214  206  207  201  195  184  191  182  179  181
  232  221  229  232  228  224  217  214  212  200  196  184  187  184  177  176
  233  226  231  231  230  226  217  219  213  201  199  192  185  186  180  180
  234  232  228  228  227  223  219  220  217  206  204  199  182  186  179  183
  240  233  228  230  228  230  228  221  218  215  207  199  195  193  187  180
  239  230  236  228  236  227  234  226  216  214  210  201  198  195  191  185
  232  229  237  229  236  227  234  230  221  219  215  207  203  202  197  190
  231  231  234  233  228  231  231  230  223  221  216  209  204  204  199  192
  236  235  234  234  229  232  233  231  229  226  220  215  215  216  210  200
  239  233  239  226  234  229  236  228  232  230  225  223  224  226  222  212
  233  229  236  225  231  228  236  228  229  230  225  221  220  221  217  210
  225  229  230  230  226  230  233  230  233  236  233  226  220  219  218  211
  227  232  226  237  231  236  225  232  231  236  230  228  225  224  228  218
  226  230  227  233  235  237  231  232  232  236  230  228  227  225  227  218
  226  231  231  229  236  237  234  232  232  235  231  230  230  228  229  220
  227  233  234  231  231  236  233  231  232  234  231  232  234  233  234  223
  226  237  231  234  227  236  230  233  231  232  230  234  235  233  234  226
  226  237  229  236  228  239  230  234  232  233  229  233  234  231  233  226
  229  234  230  234  234  240  233  235  232  233  230  233  234  231  235  232
  236  235  232  235  242  240  235  234  230  231  229  234  236  234  239  239
  224  230  231  239  234  237  231  230  230  229  229  232  229  232  239  229
  222  226  229  238  235  237  231  234  230  230  230  233  230  230  237  232
  219  220  222  232  232  234  231  234  231  230  229  232  230  229  235  232
  211  211  212  227  227  230  228  233  235  234  229  234  232  229  234  234
  204  205  209  222  224  228  227  232  241  239  232  235  237  234  236  234
  197  203  207  219  220  227  227  232  237  241  233  233  236  235  236  233
  188  197  204  215  214  224  227  231  227  238  231  229  232  232  234  233
  174  187  197  206  208  220  225  227  222  237  235  230  230  231  235  235
  167  176  181  190  204  214  218  224  227  233  236  232  232  237  239  232
  159  166  174  180  193  205  213  219  230  230  231  235  234  232  234  235
  155  158  167  175  183  196  210  214  223  224  228  232  234  232  232  233
  143  144  157  165  170  183  198  204  210  219  226  228  231  236  234  228
  134  137  150  160  164  175  191  197  202  212  219  223  229  234  237  231
  128  133  143  152  159  168  180  188  201  200  206  218  226  229  234  240
  119  123  129  138  148  154  163  174  190  191  196  211  220  225  231  238
  119  124  128  134  144  149  155  170  175  183  193  203  214  225  231  229
  116  118  122  128  136  144  152  158  170  174  185  202  212  215  231  224
  117  118  121  125  130  138  145  150  163  170  175  198  200  212  222  220
  113  115  118  123  129  134  140  146  149  153  167  175  191  191  211  209
  112  113  115  119  125  130  135  140  144  153  156  176  175  192  200  211
  114  114  115  116  120  124  126  129  133  137  152  151  171  171  189  198
  113  113  114  115  119  120  123  125  130  139  144  157  160  177  178  197
  109  109  112  114  116  118  121  122  123  125  139  139  157  161  167  184
  112  112  114  114  115  115  116  116  119  124  131  137  148  159  157  177
  112  113  113  114  114  115  116  117  118  123  129  132  140  148  153  157
  112  113  113  113  114  114  116  116  121  125  127  129  133  139  144  148
  113  113  113  113  113  114  114  115  118  120  122  125  130  135  140  146
  114  114  114  113  113  113  114  115  114  116  120  123  128  133  138  145
  115  114  114  114  113  113  113  113  116  117  120  124  126  129  133  136
  116  116  116  115  115  114  113  113  117  116  119  122  124  125  128  132
  119  117  116  115  115  115  114  114  114  114  115  119  121  121  125  129
  120  119  119  117  116  115  115  114  116  113  113  115  116  117  120  125
  124  121  120  118  116  115  115  115  114  113  114  114  114  116  118  120
  125  123  122  120  118  116  116  115  115  113  114  114  114  115  117  118
  126  125  124  122  119  118  118  116  115  115  114  114  114  115  116  117
  129  126  125  123  122  119  120  119  116  115  115  114  115  115  116  116
  131  129  128  125  123  122  120  119  118  116  116  116  115  115  115  115
  131  130  129  127  124  123  122  120  119  118  118  116  116  115  115  116
  134  131  130  128  125  123  123  122  119  118  118  116  116  116  115  115
  135  133  132  129  127  124  124  123  121  119  119  118  118  116  115  115
  137  135  134  132  132  129  128  125  124  123  121  119  118  117  116  116
  138  137  136  134  133  132  129  128  125  123  122  120  118  118  116  116
  141  138  136  135  133  133  130  129  125  123  122  120  118  118  116  116
  142  140  139  136  135  134  133  130  126  124  122  120  120  119  118  116
  144  141  140  138  136  135  133  130  129  126  122  120  121  120  119  118
  146  144  142  140  138  136  134  133  131  128  124  123  124  122  121  119
  148  146  144  143  142  140  136  135  134  130  126  125  125  123  122  121
  150  149  146  145  144  143  140  136  136  133  128  126  126  126  125  121
  154  154  151  150  148  144  142  139  136  134  130  129  127  125  124  122
  157  156  155  153  150  148  145  142  140  136  134  131  130  127  126  124
  160  160  158  156  154  149  147  144  143  139  136  135  134  131  130  128
  164  163  160  159  156  154  152  148  146  143  139  136  135  133  132  129
  166  166  164  163  160  156  154  150  148  145  140  139  136  135  133  132
  170  169  166  165  163  160  156  154  150  146  143  140  139  136  135  132
  172  170  169  166  165  163  159  156  153  149  145  143  140  137  136  134
  173  173  170  169  166  164  162  159  155  153  149  145  142  140  137  135
  175  174  174  171  170  168  165  164  159  156  154  149  144  140  139  137
  175  174  174  173  172  172  169  166  164  160  156  151  147  144  141  138
  174  174  174  174  174  173  171  169  167  163  158  154  151  147  145  142
  174  174  174  174  175  175  174  172  168  165  160  156  155  152  148  145
  174  174  175  175  175  175  175  174  172  167  163  160  157  155  152  149
  174  174  175  175  175  175  175  175  174  171  166  164  161  160  156  154
  174  174  175  175  176  176  176  175  176  174  171  167  165  163  160  159
  174  174  175  175  176  176  176  175  176  176  175  171  166  164  164  164
  173  173  175  175  176  176  176  177  176  175  174  173  170  169  168  165
  173  173  174  175  176  177  177  177  176  176  175  174  172  170  169  166
  170  170  173  173  175  176  177  177  176  176  175  174  174  172  172  169
  170  170  173  173  175  175  176  177  176  176  175  174  174  174  172  170
  171  171  171  171  173  173  174  174  175  175  175  174  173  173  173  173
  171  171  171  171  173  173  174  174  175  175  175  175  174  174  174  174
  170  170  171  171  171  171  173  173  174  174  174  174  174  174  174  174
  170  170  170  170  171  171  173  173  174  174  174  174  174  174  175  175
  174  173  173  173  170  171  171  171  174  174  174  175  176  176  176  174
  174  173  173  173  170  171  171  171  174  173  174  175  177  177  176  175
  174  173  171  171  170  171  171  171  171  171  173  174  176  176  176  175
  174  173  171  171  170  171  171  171  171  171  173  174  175  176  176  176
  172  171  171  171  169  170  170  170  171  171  173  173  175  176  176  176
  172  171  171  171  169  170  170  170  171  170  173  173  175  176  176  175
  172  171  171  171  169  170  170  170  170  170  172  173  174  175  175  175
  174  171  171  171  170  170  170  170  170  170  172  173  174  175  175  175
  174  174  174  170  170  171  171  168  171  171  171  171  173  174  174  175
  175  175  175  173  174  173  172  170  170  170  170  170  172  173  173  174
  177  176  176  174  174  174  173  171  170  170  170  170  170  171  171  171
  183  181  179  176  176  174  173  171  174  171  171  171  171  171  172  172
  189  187  185  181  179  176  175  174  174  174  171  171  170  170  170  172
  190  188  185  183  181  178  176  176  173  173  171  170  169  169  169  169
  192  189  187  186  183  180  176  175  174  173  171  170  169  169  169  169
  200  197  194  193  188  183  178  176  176  175  174  173  171  170  170  170
  205  207  193  196  181  187  180  181  177  177  179  177  175  172  168  167
  212  207  205  194  196  187  188  179  181  180  179  176  175  173  169  168
  212  210  206  199  196  193  191  188  184  180  179  176  175  174  173  171
  198  204  207  205  199  198  195  195  190  185  181  178  177  177  175  174
  173  181  205  204  219  205  205  194  195  190  185  180  179  178  178  175
  160  167  185  196  213  214  211  201  201  195  190  185  182  181  179  175
  155  162  162  183  188  211  211  214  208  204  198  191  188  183  178  175
  153  156  163  168  179  192  204  213  212  210  204  199  192  186  182  177
  161  160  160  162  168  175  187  197  206  205  206  197  200  194  193  183
  168  165  164  164  163  163  169  176  195  205  204  210  196  197  189  192
  187  179  170  162  157  154  158  164  175  185  199  204  206  199  199  198
  203  192  180  170  162  157  156  157  163  168  187  191  208  205  208  199
  217  207  194  185  174  166  158  153  158  167  168  184  189  208  206  201
  237  225  210  195  185  173  165  161  159  164  165  168  177  193  204  207
  250  238  224  213  202  191  180  174  165  159  165  160  172  171  190  200
  244  239  234  231  223  208  192  182  174  165  158  168  163  163  164  181
  236  231  230  232  232  221  207  196  188  176  166  162  159  157  158  167
  229  232  236  236  238  233  219  204  196  183  172  166  163  158  155  162
  227  236  240  238  241  244  235  219  212  201  186  176  170  161  155  154
  234  239  240  238  240  244  241  233  227  217  202  189  177  165  158  153
  244  244  243  239  239  238  237  235  232  226  216  203  188  176  169  162
  237  236  237  240  240  237  235  238  235  235  229  218  203  189  180  171
  219  221  226  234  236  237  239  241  239  240  238  230  220  208  196  183
  201  206  214  223  231  236  238  240  240  239  238  237  232  223  212  199
  175  184  195  208  225  236  240  243  240  235  232  233  238  238  229  214
  153  164  177  192  211  225  235  242  236  234  233  234  240  241  235  225
  130  141  157  173  195  211  225  233  234  234  233  234  238  240  238  235
  116  127  144  160  182  197  210  219  227  232  236  235  235  238  239  241
  112  120  130  144  164  178  189  201  216  227  238  239  238  237  237  238
  112  115  119  127  141  155  169  182  201  219  235  241  241  238  236  232
  113  116  114  114  121  131  146  165  183  206  224  232  235  235  233  229
  110  113  112  111  113  118  131  151  168  188  206  216  224  231  236  234
  105  103  101  102  105  112  124  136  152  168  185  199  209  221  236  246
   98   97   98   98  101  107  117  127  140  153  169  184  197  212  231  244
   91   91   93   95   99  105  113  119  131  141  156  168  182  195  214  226
   86   86   90   93   98  102  108  114  120  130  143  155  168  179  194  205
   82   83   86   91   95  100  104  108  112  118  129  141  153  164  176  190
   81   82   86   89   93   98  100  103  107  109  116  125  138  149  164  178
   85   86   86   88   90   92   95   97  103  104  108  117  127  137  147  162
   92   91   89   88   87   88   91   93   98  100  105  114  120  125  132  143
   99   97   92   88   87   85   87   90   93   99  105  109  115  119  122  130
  108  104   98   92   88   85   86   88   92   96  102  105  108  111  112  120
  118  113  105   97   90   87   87   90   91   95  101  103  105  105  106  111
  125  119  112  103   95   90   89   89   91   94   99  101  102  101  102  107
  127  123  116  109  101   95   91   90   90   91   94   95   97   98  100  104
  127  125  120  114  107  102   95   92   90   89   89   89   92   94   98  102
  126  125  124  119  114  108  102   95   89   86   86   86   89   93   97  103
  123  122  123  122  119  114  107  100   93   89   87   86   89   92   96  103
  106  117  124  123  119  117  113  108  101   95   90   87   87   88   91   94
   92  101  114  122  123  122  118  115  107  101   95   90   88   89   88   91
   74   82   99  119  127  125  122  121  113  105  100   95   91   90   90   90
   64   70   86  106  121  128  126  123  119  111  104   99   94   92   90   90
   58   63   72   88  109  126  130  127  124  118  109  103   96   94   91   90
   54   57   63   72   93  114  127  129  128  123  114  106  101   97   97   94
   55   55   56   63   76   94  116  129  130  126  119  111  106  104  103  100
   56   55   56   58   65   76   99  121  127  127  122  116  112  107  107  102
   59   58   56   57   60   68   81   96  117  121  122  123  120  114  109  106
   61   59   59   57   55   57   65   79  101  115  126  128  124  120  113  106
   60   60   61   60   55   53   54   62   79  104  124  130  128  125  116  106
   60   61   64   61   59   53   51   54   65   87  113  125  128  126  116  109
   60   62   64   61   59   56   53   54   59   74   96  114  123  124  118  114
   61   61   61   59   56   57   55   55   61   66   79   96  111  119  122  122
   63   61   57   54   54   59   63   62   66   66   66   77   94  111  126  128
   63   61   57   54   55   60   65   66   65   66   63   65   82  104  120  123
   62   62   60   60   59   59   60   61   63   64   66   70   75   86  101  118
   65   63   62   61   60   59   59   59   59   60   63   67   70   76   85  102
   67   66   63   61   60   59   57   57   57   58   60   62   64   66   73   87
   71   70   68   65   62   60   59   57   57   59   60   61   62   62   66   78
   80   78   74   72   68   66   63   61   60   59   61   62   63   63   64   72
   85   82   80   76   72   68   67   64   63   60   60   62   62   62   62   69
   88   84   82   78   74   71   68   66   65   61   60   61   61   61   61   67
   76   74   70   66   62   60   57   56   55   52   50   51   51   50   49   54
  255  255  255  255  255  255  255  255  255  255  255  255  255  255  255  255
  255  255  255  255  255  254  252  252  251  251  251  251  252  251  252  252
  254  254  254  254  254  252  252  252  252  252  252  252  254  252  254  254
  254  254  254  254  254  254  254  254  254  254  255  255  255  255  255  255
  255  255  255  255  255  255  255  255  255  255  255  255  255  255  255  255
  255  255  255  255  255  255  255  255  255  255  255  255  255  255  255  255
  255  255  255  255  255  255  255  255  255  255  255  255  254  254  254  254
  254  254  255  255  255  255  255  255  254  254  254  254  254  252  254  252
  255  255  255  255  255  255  255  255  255  255  255  255  255  254  255  254
  255  255  255  255  255  255  255  255  255  255  255  255  255  255  255  255
  255  255  255  255  255  255  255  255  255  255  255  255  255  255  255  255
  255  255  255  255  255  255  255  255  255  255  255  255  255  255  255  255
  255  255  255  255  255  255  255  255  255  255  255  255  255  255  255  255
  255  255  255  255  255  255  255  255  255  255  255  255  255  255  255  255
  255  255  255  255  255  255  255  255  255  255  255  255  255  255  255  255
  255  255  255  255  255  255  255  255  255  255  255  255  255  255  255  255
  255  255  255  255  255  255  255  255  255  255  255  255  255  255  255  255
  255  255  255  255  255  255  255  255  255  255  255  255  255  255  255  255
  255  255  255  255  255  255  255  255  255  255  255  255  255  255  255  255
  255  255  255  255  255  255  255  255  255  255  255  255  255  255  255  255
  255  255  255  255  255  255  255  255  255  255  255  255  255  255  255  255
  255  255  255  255  255  255  255  255  255  255  255  255  255  255  255  255
  255  255  255  255  255  255  255  255  255  255  255  255  255  255  255  255
  255  255  255  255  255  255  255  255  255  255  255  255  255  255  255  255
  255  255  255  255  255  255  255  255  255  255  255  255  255  255  255  255
  255  255  255  255  255  255  255  255  255  255  255  255  255  255  255  255
  255  255  255  255  255  255  255  255  255  255  255  255  255  255  255  255
  255  255  255  255  255  255  255  255  255  255  255  255  255  255  255  255
  255  255  255  255  255  255  255  255  255  255  255  255  255  255  255  255
  255  255  255  255  255  255  255  255  255  255  255  255  255  255  255  255
  255  255  255  255  255  255  255  255  255  255  255  255  255  255  255  255
  255  255  255  255  255  255  255  255  255  255  255  255  255  255  255  255
  255  255  255  255  255  255  255  255  255  255  255  255  255  255  255  255
  255  255  255  255  255  255  255  255  255  255  255  255  255  255  255  255
  255  255  255  255  255  255  255  255  255  255  255  255  255  255  255  255
  255  255  255  255  255  255  255  255  255  255  255  255  255  255  255  255
  255  255  255  255  255  255  255  255  255  255  255  255  255  255  255  255
  255  255  255  255  255  255  255  255  255  255  255  255  255  255  255  255
  255  255  255  255  255  255  255  255  255  255  255  255  255  255  255  255
  255  255  255  255  255  255  255  255  255  255  255  255  255  255  255  255
  255  255  255  255  255  255  255  255  255  255  255  255  255  255  255  255
  255  255  255  255  255  255  255  255  255  255  255  255  255  255  255  255
  255  255  255  255  255  255  255  255  255  255  255  255  255  255  255  255
  255  255  255  255  255  255  255  255  255  255  255  255  255  255  255  255
  255  255  255  255  255  255  255  255  255  255  255  255  255  255  255  255
  255  255  255  255  255  255  255  255  255  255  255  255  255  255  255  255
  255  255  255  255  255  255  255  255  255  255  255  255  255  255  255  255
  255  255  255  255  255  255  255  255  255  255  255  255  255  255  255  255
  255  255  255  255  255  255  255  255  255  255  255  255  255  255  255  255
  255  255  255  255  255  255  255  255  255  255  255  255  255  255  255  255
  255  255  255  255  255  255  255  255  255  255  255  255  255  255  255  255
  255  255  255  255  255  255  255  255  255  255  255  255  255  255  255  255
  255  255  255  255  255  255  255  255  255  255  255  255  255  255  255  255
  255  255  255  255  255  255  255  255  255  255  255  255  255  255  255  255
  255  255  255  255  255  255  255  255  255  255  255  255  255  255  255  255
  255  255  255  255  255  255  255  255  255  255  255  255  255  255  255  255
  255  255  255  255  255  255  255  255  255  255  255  255  255  255  255  255
  255  255  255  255  255  255  255  255  255  255  255  255  255  255  255  255
  255  255  255  255  255  255  255  255  255  255  255  255  255  255  255  255
  255  255  255  255  255  255  255  255  255  255  255  255  255  255  255  255
  255  255  255  255  255  255  255  255  255  255  255  255  255  255  255  255
  255  255  255  255  255  255  255  255  255  255  255  255  255  255  255  255
  255  255  255  255  255  255  255  255  255  255  255  255  255  255  255  255


 Columns 17 through 32:

  255  255  255  255  255  255  255  255  255  255  255  255  255  255  255  255
  255  255  255  255  255  255  255  255  255  255  255  255  255  255  255  255
  255  255  255  255  255  255  255  255  255  255  255  255  255  255  255  255
  255  255  255  255  255  255  255  255  255  255  255  255  255  255  255  255
  255  255  255  255  255  255  255  255  255  255  255  255  255  255  255  255
  255  255  255  255  255  255  255  255  255  255  255  255  255  255  255  255
  255  255  255  255  255  255  255  255  255  255  255  255  255  255  255  255
  255  255  255  255  255  255  255  255  255  255  255  255  255  255  255  255
  255  255  255  255  255  255  255  255  255  255  255  255  255  255  255  255
  255  255  255  255  255  255  255  255  255  255  255  255  255  255  255  255
  255  255  255  255  255  255  255  255  255  255  255  255  255  255  255  255
  255  255  255  255  255  255  255  255  255  255  255  255  255  255  255  255
  255  255  255  255  255  255  255  255  255  255  255  255  255  255  255  255
  255  255  255  255  255  255  255  255  255  255  255  255  255  255  255  255
  255  255  255  255  255  255  255  255  255  255  255  255  255  255  255  255
  255  255  255  255  255  255  255  255  255  255  255  255  255  255  255  255
  255  255  255  255  255  255  255  255  255  255  255  255  255  255  255  255
  255  255  255  255  255  255  255  255  255  255  255  255  255  255  255  255
  255  255  255  255  255  255  255  255  255  255  255  255  255  255  255  255
  255  255  255  255  255  255  255  255  255  255  255  255  255  255  255  255
  255  255  255  255  255  255  255  255  255  255  255  255  255  255  255  255
  255  255  255  255  255  255  255  255  255  255  255  255  255  255  255  255
  255  255  255  255  255  255  255  255  255  255  255  255  255  255  255  255
  255  255  255  255  255  255  255  255  255  255  255  255  255  255  255  255
  255  255  255  255  255  255  255  255  255  255  255  255  255  255  255  255
  255  255  255  255  255  255  255  255  255  255  255  255  255  255  255  255
  255  255  255  255  255  255  255  255  255  255  255  255  255  255  255  255
  255  255  255  255  255  255  255  255  255  255  255  255  255  255  255  255
  255  255  255  255  255  255  255  255  255  255  255  255  255  255  255  255
  255  255  255  255  255  255  255  255  255  255  255  255  255  255  255  255
  255  255  255  255  255  255  255  255  255  255  255  255  255  255  255  255
  255  255  255  255  255  255  255  255  255  255  255  255  255  255  255  255
  255  255  255  255  255  255  255  255  255  255  255  255  255  255  255  255
  255  255  255  255  255  255  255  255  255  255  255  255  255  255  255  255
  255  255  255  255  255  255  255  255  255  255  255  255  255  255  255  255
  255  255  255  255  255  255  255  255  255  255  255  255  255  255  255  255
  255  255  255  255  255  255  255  255  255  255  255  255  255  255  255  255
  255  255  255  255  255  255  255  255  255  255  255  255  255  255  255  255
  255  255  255  255  255  255  255  255  255  255  255  255  255  255  255  255
  255  255  255  255  255  255  255  255  255  255  255  255  255  255  255  255
  255  255  255  255  255  255  255  255  255  255  255  255  255  255  255  255
  255  255  255  255  255  255  255  255  255  255  255  255  255  255  255  255
  255  255  255  255  255  255  255  255  255  255  255  255  255  255  255  255
  255  255  255  255  255  255  255  255  255  255  255  255  255  255  255  255
  255  255  255  255  255  255  255  255  255  255  255  255  255  255  255  255
  255  255  255  255  255  255  255  255  255  255  255  255  255  255  255  255
  255  255  255  255  255  255  255  255  255  255  255  255  255  255  255  255
  255  255  255  255  255  255  255  255  255  255  255  255  255  255  255  255
  255  255  255  255  255  255  255  255  255  255  255  255  255  255  255  255
  255  254  255  254  255  254  255  254  255  254  255  254  255  254  255  255
  254  252  254  252  254  252  254  252  254  252  254  252  254  252  254  254
  254  254  254  254  254  254  254  254  254  254  254  254  254  254  254  254
  255  255  255  255  255  255  255  255  255  255  255  255  255  255  255  255
  255  255  255  255  255  255  255  255  255  255  255  255  255  255  255  255
  255  254  254  254  254  254  254  254  254  254  254  254  254  254  254  254
  255  254  254  254  254  254  254  254  254  254  254  254  254  254  254  254
  255  255  255  255  255  255  255  255  254  254  255  255  255  255  255  255
  255  255  255  255  255  255  255  255  255  255  255  255  255  255  255  255
  255  255  255  255  255  255  255  255  255  255  255  255  255  255  255  255
  255  255  255  255  255  255  255  255  255  255  255  255  255  255  255  255
  253  253  254  254  254  254  254  255  254  254  254  254  254  254  254  254
  255  255  255  255  255  255  255  255  255  255  255  255  255  255  255  255
  255  255  255  255  255  255  255  255  255  255  255  255  255  255  255  255
   80   78   78   77   76   73   73   73   74   73   73   73   73   73   72   71
  100  101  100   97   97   99   97   94   93   91   91   89   88   86   87   88
  112  113  113  110  110  112  109  105  103  101  101  100   97   96   96   94
  112  114  114  110  110  111  108  104  102  101  101  101   98   97   96   94
  114  116  117  115  114  112  110  105  104  104  102  101  100   97   97   96
  120  120  122  120  118  115  113  111  106  105  104  101   99   96   97   97
  120  122  124  121  118  116  115  112  109  107  105  103  100   98   99   98
  120  121  123  121  117  114  112  111  109  108  106  105  101  100  100   98
  122  123  125  122  119  114  113  113  111  110  109  108  105  102  101  100
  126  128  128  124  119  118  115  113  112  110  107  104  102  100  101  102
  128  129  128  125  122  119  117  114  114  111  108  106  103  101  100  100
  130  129  128  125  123  122  119  114  113  111  109  107  105  101   99   98
  130  130  128  125  124  121  120  116  114  110  108  107  105  102   99   98
  129  131  129  126  123  120  119  117  114  110  107  106  105  102  101  100
  132  132  132  127  124  120  120  116  115  110  106  104  104  103  101  101
  136  134  131  127  126  124  121  115  116  111  106  104  105  103  101  100
  139  135  130  127  128  129  123  115  117  112  109  106  105  103  100   98
  135  132  129  128  127  129  128  125  119  117  114  110  107  102  100  100
  141  135  133  131  132  131  129  127  120  117  115  111  109  107  103  101
  142  137  137  133  135  133  130  127  125  120  115  111  112  109  105  101
  140  137  136  134  136  135  132  129  129  124  120  115  112  108  105  102
  140  137  136  135  137  136  134  130  130  127  124  118  113  109  105  104
  143  141  139  137  137  136  135  130  130  127  124  119  115  110  109  106
  147  142  140  139  138  136  135  131  129  126  123  119  117  115  111  107
  146  142  139  139  137  136  134  131  130  126  121  119  119  117  112  108
  142  143  143  139  136  137  135  128  128  125  123  121  117  113  110  112
  147  144  144  142  140  138  135  131  129  126  122  122  119  116  114  112
  152  148  147  144  143  138  136  135  133  128  123  122  120  118  117  114
  156  150  147  148  147  141  137  138  136  131  127  124  122  121  119  117
  160  154  150  150  150  145  142  140  137  134  132  128  124  123  121  119
  164  158  155  153  153  150  146  143  138  139  136  131  126  124  125  122
  170  165  161  158  155  155  150  146  142  141  139  135  132  131  130  125
  174  170  166  160  158  159  153  148  144  143  140  137  136  135  133  126
  167  170  171  166  161  160  155  148  147  143  140  138  138  136  134  128
  172  173  173  167  161  161  157  153  150  147  143  142  140  137  134  127
  180  176  174  170  164  161  159  157  148  146  142  142  141  140  137  131
  184  179  176  174  170  163  160  160  151  146  144  143  143  142  139  134
  186  183  181  180  175  168  164  161  158  152  147  145  142  140  137  135
  190  187  187  184  181  174  170  165  162  157  151  147  144  143  140  138
  195  195  193  188  185  182  179  173  166  161  154  150  149  147  145  141
  201  202  199  192  188  188  187  180  174  168  161  157  153  149  144  140
  206  201  196  195  192  186  183  180  185  177  169  162  155  149  149  149
  207  208  211  209  201  193  190  188  188  181  172  165  159  154  153  152
  213  213  216  215  209  201  196  194  188  181  174  168  164  157  153  149
  222  218  215  213  213  210  203  197  191  186  179  173  168  161  154  148
  227  222  218  215  217  215  210  204  202  196  187  179  173  166  160  153
  222  223  223  221  218  216  214  209  209  202  191  181  172  168  166  160
  220  222  225  223  221  220  214  210  207  202  193  183  175  171  168  163
  226  225  221  220  224  226  220  209  204  203  198  189  184  179  173  166
  222  223  223  224  226  227  222  214  213  211  203  192  183  180  180  175
  227  224  221  224  229  230  222  211  217  214  208  200  191  188  184  179
  228  226  224  225  229  229  222  212  216  215  209  203  198  193  189  182
  226  228  229  228  226  225  222  220  214  212  209  204  203  199  195  187
  226  228  228  226  224  225  224  224  219  217  214  210  209  207  202  193
  228  226  223  223  226  229  227  223  226  223  218  214  213  210  205  198
  226  222  220  221  227  230  228  222  226  222  218  215  215  214  211  204
  221  222  223  224  226  227  226  224  223  221  217  215  217  219  219  213
  217  224  219  222  223  223  230  224  224  221  216  216  221  225  222  213
  223  221  222  222  223  225  225  228  222  222  218  218  219  221  219  214
  223  215  222  221  223  225  218  226  221  222  220  219  218  218  217  213
  217  215  221  221  222  224  218  221  220  221  219  218  217  216  215  214
  213  220  218  219  219  220  223  217  218  217  216  216  216  216  216  215
  209  220  213  211  211  213  222  215  216  216  216  217  217  216  217  217
  205  212  212  207  205  208  212  213  213  215  217  219  217  214  216  219
  201  202  212  207  203  206  204  212  210  215  220  222  218  213  215  220
  194  198  200  206  194  195  199  206  210  206  216  217  216  207  214  217
  189  188  194  197  188  191  198  200  203  211  218  217  211  214  216  211
  187  183  192  193  189  191  200  196  200  211  214  217  208  217  214  209
  183  180  192  190  188  189  202  195  200  202  206  214  208  212  211  212
  179  177  187  184  185  185  197  192  196  193  200  203  206  205  212  211
  177  178  183  182  183  181  189  193  190  189  197  192  198  203  213  207
  180  180  176  181  184  182  182  192  188  187  191  191  195  200  204  201
  182  181  172  179  183  181  174  190  190  182  183  199  195  194  194  202
  176  177  176  174  173  174  178  182  178  182  186  186  185  185  190  197
  177  176  176  174  173  174  176  178  179  179  180  184  184  184  189  194
  186  182  181  177  174  173  172  173  180  177  177  179  182  185  186  187
  190  185  183  180  176  172  171  169  177  174  172  175  179  179  179  181
  190  185  182  179  175  173  172  169  172  170  168  170  173  175  175  176
  198  190  185  180  177  175  170  167  167  165  165  167  170  171  171  174
  204  196  188  184  181  177  172  168  168  164  163  167  169  170  170  171
  201  193  186  184  183  181  178  173  172  167  164  166  169  168  166  165
  202  195  185  188  184  183  172  169  172  165  168  171  163  162  163  162
  210  204  199  191  188  186  181  173  171  166  167  166  160  157  160  162
  216  212  210  194  192  186  188  179  170  169  167  164  160  156  155  163
  220  215  210  198  195  190  189  183  169  172  168  165  164  159  154  159
  223  216  208  206  198  194  186  185  176  176  169  164  166  161  154  157
  229  221  212  216  205  201  188  187  184  180  171  164  163  161  158  157
  232  227  222  221  216  207  198  193  192  185  176  168  161  161  161  157
  231  229  229  221  222  213  207  199  196  189  184  176  164  163  165  158
  241  232  227  227  225  220  211  201  194  189  180  179  179  169  162  165
  236  237  236  236  231  222  214  211  203  191  184  180  175  172  173  167
  230  234  232  231  230  221  214  215  217  200  194  189  176  178  182  167
  233  236  229  227  236  232  222  224  220  208  202  193  183  184  183  168
  232  236  227  227  237  237  227  228  217  213  202  192  188  188  181  171
  224  230  231  229  233  231  225  227  225  224  211  196  194  190  181  174
  224  231  237  236  233  233  233  234  233  229  223  210  201  194  187  177
  229  231  235  235  231  234  238  237  231  224  226  224  209  202  200  182
  234  235  230  235  230  235  232  235  236  232  229  227  220  215  211  199
  236  236  233  237  231  234  231  233  232  231  233  233  227
NOTICE: Execution paused due to large payload
  221  215  205
  235  234  231  235  231  232  228  229  231  231  236  236  230  224  220  211
  232  232  231  232  231  230  229  229  231  233  235  236  229  227  225  217
  234  232  233  233  235  234  234  236  231  231  234  234  231  229  227  221
  234  232  236  232  237  235  238  237  229  231  234  234  233  234  230  222
  233  231  235  233  237  233  236  234  231  231  233  233  234  237  235  226
  233  232  237  234  239  231  234  229  235  232  231  230  232  238  238  231
  228  234  235  220  238  227  231  231  231  228  233  230  232  230  239  239
  226  235  233  227  239  236  234  235  235  231  232  229  230  230  232  230
  221  231  227  229  235  238  232  234  238  235  234  235  231  232  230  230
  217  226  223  226  230  234  229  229  235  237  237  241  230  232  230  233
  215  220  223  223  230  230  231  230  235  237  236  241  231  234  230  229
  209  214  220  221  227  228  234  233  241  236  235  238  236  235  230  223
  199  207  212  221  222  229  233  235  239  234  237  237  238  235  234  226
  190  201  205  222  214  230  230  236  230  229  239  235  236  229  235  233
  175  186  199  210  216  221  226  231  237  234  231  230  232  233  234  235
  166  177  189  200  208  212  220  225  234  232  232  230  234  232  236  235
  163  173  183  194  201  208  217  223  229  228  231  229  233  232  236  234
  157  165  174  184  194  202  212  221  222  226  229  232  230  231  233  234
  145  152  160  171  181  192  203  212  217  226  226  234  226  233  230  235
  138  144  152  162  174  184  196  205  210  221  222  232  224  231  230  237
  134  139  145  155  166  177  187  196  202  211  221  224  224  226  233  238
  126  129  137  146  155  164  174  182  194  201  217  214  224  219  234  236
  121  126  132  141  150  158  167  173  178  191  195  210  211  223  223  226
  121  123  129  135  142  151  158  165  177  185  187  197  198  214  220  226
  118  121  126  131  137  143  149  154  167  179  178  197  190  213  213  223
  117  120  124  127  132  135  142  145  158  160  185  176  203  195  220  217
  116  119  123  124  128  129  134  138  147  154  165  170  182  195  208  215
  118  119  122  123  124  126  129  133  139  144  160  163  182  185  201  203
  119  120  123  123  123  124  126  129  131  142  149  169  172  190  189  193
  120  121  122  121  121  121  124  126  132  134  148  150  170  174  188  189
  118  118  119  120  119  119  120  121  128  133  139  148  160  169  175  181
  118  118  117  117  116  116  117  119  126  130  136  142  149  155  162  169
  118  118  116  116  115  115  116  118  123  126  134  138  144  152  158  167
  119  118  116  115  114  114  116  116  119  124  130  135  142  150  157  164
  120  119  116  115  114  114  115  116  121  123  128  132  139  144  146  151
  120  119  116  116  114  115  115  117  120  120  124  129  136  140  142  143
  119  119  116  116  115  115  116  116  116  118  122  126  132  136  138  142
  119  118  118  116  116  115  115  116  115  118  121  123  125  128  132  137
  121  120  119  117  116  116  115  115  116  116  119  121  124  126  128  132
  123  121  120  119  118  116  116  116  116  116  119  119  121  124  125  127
  125  123  123  120  120  119  119  117  117  117  119  119  119  121  121  125
  126  125  124  123  122  120  120  119  119  119  119  119  119  120  121  124
  128  125  125  123  123  120  120  120  120  119  119  119  120  120  121  122
  129  126  125  124  124  123  123  121  120  120  119  119  119  120  121  121
  129  127  126  125  124  123  123  123  120  120  120  120  119  119  119  119
  130  127  126  126  124  124  123  123  121  120  120  119  118  118  118  118
  133  131  130  127  126  126  124  123  120  120  118  119  119  119  119  118
  136  134  131  129  129  127  125  123  123  121  120  119  121  120  120  119
  139  137  134  133  133  130  128  125  125  123  123  121  123  121  123  120
  143  141  138  136  135  133  130  128  127  125  124  123  123  123  123  122
  147  145  143  140  140  136  134  132  130  128  125  124  124  124  123  122
  151  149  146  145  143  140  138  134  132  130  128  125  125  124  123  121
  156  154  151  149  146  144  140  138  134  133  129  126  126  125  124  122
  160  156  155  153  149  145  143  139  136  133  130  129  127  126  124  122
  162  158  156  154  150  146  143  139  135  133  132  130  127  126  126  126
  163  159  158  155  153  148  144  139  138  135  134  131  129  126  127  127
  164  163  160  158  154  150  145  142  140  137  135  132  129  129  129  127
  169  165  163  160  158  154  149  145  144  140  138  134  133  130  130  129
  171  169  166  163  160  156  152  147  146  144  141  137  136  134  132  130
  174  171  169  166  164  160  156  152  150  146  143  140  139  136  135  132
  174  174  171  169  166  164  160  156  151  149  144  143  142  140  139  135
  175  174  173  171  170  168  165  162  156  152  147  145  144  143  139  135
  176  176  175  175  174  172  170  166  164  160  156  151  148  144  142  138
  175  175  176  176  175  175  173  170  168  164  160  154  150  146  143  141
  174  175  176  176  176  175  174  173  170  165  161  156  153  149  145  144
  175  175  176  176  176  175  174  173  171  167  163  159  154  151  149  146
  175  175  175  175  176  175  174  172  171  169  165  160  158  154  153  151
  176  176  176  175  176  175  174  173  173  171  167  165  163  159  156  154
  175  174  175  175  176  176  175  174  174  173  171  168  166  163  160  158
  173  174  175  175  176  176  176  176  175  175  174  172  168  165  164  159
  173  173  174  174  175  175  177  177  175  174  174  173  171  169  168  164
  174  174  175  175  175  175  177  177  175  175  174  174  173  170  169  166
  174  174  174  174  175  176  177  177  176  176  176  175  174  173  172  169
  174  174  174  174  175  176  177  178  177  177  176  176  175  175  174  171
  174  174  174  174  175  176  177  177  177  177  177  176  176  175  175  174
  174  174  173  174  175  175  177  177  177  177  176  176  176  176  175  175
  173  173  173  173  174  175  175  176  177  177  176  176  176  176  176  177
  171  173  173  173  173  174  175  175  177  177  176  176  175  176  176  179
  171  171  171  171  171  173  173  173  174  175  176  177  179  179  179  179
  171  171  171  171  171  171  173  173  174  174  176  176  179  179  180  179
  170  170  170  171  171  171  171  171  173  173  175  175  176  177  178  178
  172  170  170  170  170  171  171  171  171  173  173  175  175  176  176  176
  172  170  170  170  169  169  169  170  169  171  171  174  174  175  175  175
  173  171  171  171  171  169  169  169  169  169  171  171  174  174  174  175
  174  174  174  171  171  170  169  169  169  169  170  170  171  172  171  173
  176  175  175  174  173  170  170  168  169  169  170  170  171  171  171  171
  181  177  178  171  176  169  172  170  167  170  171  169  168  169  169  169
  185  180  178  173  175  172  173  170  169  170  171  169  168  169  170  170
  191  186  182  180  175  175  174  174  170  172  170  169  168  169  170  171
  194  192  186  186  178  180  175  175  174  172  171  169  168  169  169  169
  197  196  191  192  184  185  178  176  174  173  173  171  171  170  169  169
  199  198  195  194  189  187  180  177  175  173  172  174  172  171  170  170
  201  200  199  194  193  187  184  180  179  175  173  175  175  173  170  170
  203  204  204  196  197  189  190  184  186  180  176  176  176  172  171  169
  190  199  202  205  199  191  189  191  183  182  181  181  177  173  172  169
  173  183  188  195  198  197  196  192  190  187  182  179  176  175  174  173
  162  166  172  183  196  206  206  202  197  191  184  180  177  176  176  174
  157  158  163  171  187  202  208  207  199  195  189  185  181  179  176  172
  151  152  156  161  172  187  199  202  200  197  194  190  187  183  176  172
  153  152  156  159  166  173  185  192  196  197  197  193  190  186  180  176
  168  160  158  159  160  163  170  178  188  192  198  200  196  191  185  182
  184  171  160  158  155  154  160  167  176  186  198  203  202  196  188  185
  203  187  176  170  158  153  154  158  169  175  182  189  199  203  197  190
  219  204  189  179  166  161  160  159  161  164  172  180  192  202  205  199
  234  220  206  194  182  172  165  158  154  154  157  164  178  192  201  202
  238  229  221  213  201  188  175  160  155  152  152  156  166  177  189  193
  236  232  229  226  218  207  193  175  163  156  154  155  159  167  175  180
  235  235  235  234  228  220  206  186  170  162  156  154  156  158  163  170
  233  235  240  240  236  230  218  200  184  173  164  157  153  150  150  159
  234  237  244  246  243  239  229  215  201  192  179  169  160  152  147  152
  245  239  236  234  235  234  232  230  225  212  201  195  178  162  153  153
  243  241  237  234  232  233  234  235  232  228  220  208  191  178  166  157
  232  237  240  237  234  237  239  239  232  234  227  214  198  192  183  168
  220  232  240  237  235  237  240  238  231  232  230  218  207  204  198  183
  206  223  234  237  236  237  239  236  232  232  232  229  221  218  214  205
  193  207  221  228  234  235  239  237  238  234  237  239  234  230  231  224
  177  190  203  217  228  233  238  240  235  232  236  240  238  237  239  236
  163  174  187  206  221  231  239  242  230  228  233  237  235  236  239  236
  146  160  176  195  214  228  239  246  240  237  230  234  238  238  239  233
  135  148  163  180  198  216  232  242  242  240  235  236  239  236  238  232
  124  135  151  165  183  199  216  230  239  239  237  238  238  234  238  233
  115  126  140  155  172  186  202  214  229  234  234  236  235  234  236  234
  112  120  130  144  160  174  187  198  213  225  231  237  237  235  238  234
  112  115  121  130  144  157  172  185  197  214  225  237  239  237  239  234
  110  112  114  121  129  140  155  170  181  200  215  228  235  237  240  237
  106  108  112  116  120  129  142  156  169  186  198  212  224  233  244  243
  101  105  107  111  115  123  133  142  154  170  185  198  215  232  245  245
   95   99  102  105  111  117  126  134  143  157  171  184  198  216  231  232
   93   97   98  102  105  111  120  127  136  149  163  172  183  199  213  219
   92   94   95   98  100  104  112  119  127  141  153  163  173  188  202  212
   92   92   94   94   96  100  105  112  118  130  143  153  162  175  187  199
   91   90   92   92   93   97  102  107  113  123  134  143  152  161  170  181
   93   91   91   91   91   93   98  102  108  115  125  133  141  148  155  167
   97   94   92   91   90   91   93   97  102  108  115  123  132  138  146  157
  101   97   93   90   89   90   92   94   99  104  110  117  124  132  139  149
  105  100   97   92   90   89   91   92   96  100  105  112  119  125  131  140
  106  104  101   96   92   89   90   91   92   96  102  108  113  119  125  131
  110  108  103   97   93   90   88   89   90   94   99  104  109  114  120  124
  114  110  105   99   94   90   88   89   89   92   96  100  105  110  114  120
  116  112  106  102   95   91   89   87   88   90   95   98  102  105  112  116
  120  114  109  103   96   92   88   87   87   88   92   95   98  103  109  114
  121  117  113  108  102   96   91   88   87   87   89   91   96  101  105  110
  124  123  120  116  110  101   95   93   87   86   87   89   92   96   99  103
  122  126  122  118  113  107  100   95   90   89   87   90   91   95   96  100
  115  123  120  115  114  111  106  101   97   94   92   91   92   93   95   96
  103  114  118  115  113  113  109  105  100   97   94   92   92   91   91   92
   88  103  112  112  112  113  111  107  103  100   97   93   90   87   87   89
   78   93  104  111  112  111  112  111  105  102   98   94   90   87   86   87
   74   85   96  108  112  113  114  114  107  104  102   96   92   90   89   89
   59   64   73   87   95   95   95   96   89   87   84   80   78   76   74   74
  255  255  255  255  255  255  255  255  255  255  255  255  255  255  255  255
  252  252  254  255  255  255  255  255  254  252  252  252  254  255  255  255
  255  255  255  255  255  255  255  254  252  252  252  254  255  255  255  255
  255  255  255  255  255  255  255  254  252  251  252  252  255  255  255  255
  255  254  255  255  255  255  255  254  252  252  251  252  254  255  255  255
  254  252  255  255  255  255  255  255  255  254  252  252  254  254  254  254
  252  252  255  255  255  255  255  255  255  255  255  254  254  252  252  252
  252  252  255  255  255  255  255  255  255  255  255  255  254  252  252  252
  254  254  255  255  255  255  255  255  255  255  255  255  255  254  254  254
  255  255  255  255  255  255  255  255  255  255  255  255  255  255  255  255
  255  255  255  255  255  255  255  255  255  255  255  255  255  255  255  255
  255  255  255  255  255  255  255  255  255  255  255  255  255  255  255  255
  255  255  255  255  255  255  255  255  255  255  255  255  255  255  255  255
  255  255  255  255  255  255  255  255  255  255  255  255  255  255  255  255
  255  255  255  255  255  255  255  255  255  255  255  255  255  255  255  255
  255  255  255  255  255  255  255  255  255  255  255  255  255  255  255  255
  255  255  255  255  255  255  255  255  255  255  255  255  255  255  255  255
  255  255  255  255  255  255  255  255  255  255  255  255  255  255  255  255
  255  255  255  255  255  255  255  255  255  255  255  255  255  255  255  255
  255  255  255  255  255  255  255  255  255  255  255  255  255  255  255  255
  255  255  255  255  255  255  255  255  255  255  255  255  255  255  255  255
  255  255  255  255  255  255  255  255  255  255  255  255  255  255  255  255
  255  255  255  255  255  255  255  255  255  255  255  255  255  255  255  255
  255  255  255  255  255  255  255  255  255  255  255  255  255  255  255  255
  255  255  255  255  255  255
!!! PAYLOAD TOO LARGE !!!
octave:8> resim1(50,80,3)
ans = 255
octave:9> gri=resim1(:,:,1)/3+resim1(:,:,2)/3+resim1(:,:,3)/3;
octave:10> imshow(gri)



octave:11> gri2=rgb2gray(resim1);
octave:12> imshow(gri2)



octave:13> gri=resim1(:,:,1)*0.5+resim1(:,:,2)*0.3+resim1(:,:,3)*0.4;
octave:14> imshow(gri)


